***********************
Random split #1 
Accuracy = 86.15237182558697%
***********************
***********************
Random split #2 
Accuracy = 89.57834211787255%
***********************
***********************
Random split #3 
Accuracy = 87.2065165309056%
***********************
***********************
Random split #4 
Accuracy = 88.83564925730714%
***********************
***********************
Random split #5 
Accuracy = 90.08145663632008%
***********************
Number of nodes in the tree:  3443
Maximum Accuracy = 90.08145663632008%, average accuracy = 88.37086727359846%
Confusion matrix : 
 [[1594    0    1    0    7  110   26   15    0    1    0    0]
 [   0    2    0    0    0    0    0    0    0    0    0    0]
 [   1    0   33    0    0    0    0    1    0    0    0    0]
 [   0    0    0  141    4    0    0    0    0    0    0    0]
 [  11    0    0    9  417    4    1    1    0    0    8    0]
 [ 117    0    0    0    2  630    4    4    0    0    0    0]
 [  12    0    0    0    6   18  145    2    0    0    0    0]
 [  17    0    0    0    3    8    3  182    0    0    0    0]
 [   0    0    0    0    0    0    0    0  323    0    0    0]
 [   0    0    0    0    0    0    0    0    0   15    0    0]
 [   6    0    0    0    4    0    0    0    0    0  174    6]
 [   0    0    0    0    0    0    0    0    0    0    2  104]]
Classification report : 
               precision    recall  f1-score   support

           A       0.91      0.91      0.91      1754
           B       1.00      1.00      1.00         2
           C       0.97      0.94      0.96        35
           D       0.94      0.97      0.96       145
           E       0.94      0.92      0.93       451
           F       0.82      0.83      0.83       757
           G       0.81      0.79      0.80       183
           H       0.89      0.85      0.87       213
           I       1.00      1.00      1.00       323
           W       0.94      1.00      0.97        15
           X       0.95      0.92      0.93       190
           Y       0.95      0.98      0.96       106

    accuracy                           0.90      4174
   macro avg       0.93      0.93      0.93      4174
weighted avg       0.90      0.90      0.90      4174

