Number of nodes in the pruned tree:  3054
Test Accuracy after Pruning = 89.26689027311932%
Confusion matrix : 
 [[1564    0    1    0    7  140   26   15    0    1    0    0]
 [   0    2    0    0    0    0    0    0    0    0    0    0]
 [   1    0   34    0    0    0    0    0    0    0    0    0]
 [   0    0    0  131   14    0    0    0    0    0    0    0]
 [   9    0    0    8  418    7    0    1    0    0    8    0]
 [ 100    0    0    0   10  639    4    4    0    0    0    0]
 [  12    0    0    0    9   18  138    6    0    0    0    0]
 [  17    0    1    0    3    8    0  184    0    0    0    0]
 [   0    0    0    0    0    0    0    0  323    0    0    0]
 [   0    0    0    0    0    0    0    0    0   15    0    0]
 [   6    0    0    0    4    0    0    0    0    0  174    6]
 [   0    0    0    0    0    0    0    0    0    0    2  104]]
Classification report : 
               precision    recall  f1-score   support

           A       0.92      0.89      0.90      1754
           B       1.00      1.00      1.00         2
           C       0.94      0.97      0.96        35
           D       0.94      0.90      0.92       145
           E       0.90      0.93      0.91       451
           F       0.79      0.84      0.81       757
           G       0.82      0.75      0.79       183
           H       0.88      0.86      0.87       213
           I       1.00      1.00      1.00       323
           W       0.94      1.00      0.97        15
           X       0.95      0.92      0.93       190
           Y       0.95      0.98      0.96       106

    accuracy                           0.89      4174
   macro avg       0.92      0.92      0.92      4174
weighted avg       0.89      0.89      0.89      4174

